0.3014364242553711
1.0108060175552964
0.27807551622390747
0.3334386944770813
0.1801530122756958
0.31740522384643555
0.2778492569923401
0.39626991748809814
0.30900412797927856
0.4273645281791687
0.22822242975234985
0.29017215967178345
0.3169513940811157
0.3143633008003235
0.18746674060821533
0.33541393280029297
0.48870599269866943
0.39324241876602173
0.24046683311462402
0.31405502557754517
0.27121907472610474
0.3397101163864136
0.40180522203445435
0.282889187335968
0.3867928385734558
0.42878860235214233
0.2443990707397461
0.24046224355697632
0.3904097080230713
0.24314475059509277
0.45351970195770264
0.2930586338043213
0.5208555459976196
0.2693333625793457
0.11608380079269409
0.16880816221237183
0.3676038980484009
0.31593412160873413
0.3403857350349426
0.30276983976364136
0.3899778127670288
0.2846447825431824
0.4069783687591553
0.347889244556427
0.32819437980651855
0.25224393606185913
0.3684607148170471
0.19171059131622314
0.4657113552093506
0.2168792486190796
0.24686121940612793
0.16467022895812988
0.4480438828468323
0.4327462315559387
0.18669778108596802
0.42311668395996094
0.2622678279876709
0.32297807931900024
0.2577478289604187
0.12889236211776733
0.29032427072525024
0.23858606815338135
0.3942633271217346
0.2844482660293579
0.28195011615753174
0.1387200951576233
0.1888408064842224
0.23223251104354858
0.26053082942962646
0.34470903873443604
0.41263729333877563
0.5803143382072449
0.9669251814484596
0.5183954238891602
0.33431291580200195
0.39725804328918457
0.32855224609375
0.38492727279663086
0.19775712490081787
0.3604421019554138
0.5243663489818573
0.34506499767303467
0.22038114070892334
0.27022022008895874
0.3000471591949463
0.3809881806373596
0.9137278199195862
0.34807509183883667
0.4026445150375366
0.31389695405960083
0.3538147807121277
0.24027800559997559
0.28232795000076294
0.51438769698143
0.3385702967643738
0.3930259346961975
0.1313686966896057
0.3451983332633972
0.4299456477165222
0.4177756905555725
0.2491360902786255
0.33539044857025146
0.24625509977340698
0.4395948648452759
0.3035011291503906
0.19990068674087524
0.29242509603500366
0.9487295858561993
0.33205825090408325
0.42602962255477905
0.6843043267726898
0.3333803415298462
0.2024625539779663
0.3166806101799011
0.21777993440628052
0.25311458110809326
0.38475531339645386
0.35697442293167114
0.2966720461845398
0.1491977572441101
0.5444287061691284
0.4166698455810547
0.400535523891449
0.3905278444290161
0.2460501790046692
0.15825331211090088
0.40188032388687134
0.26782262325286865
0.1509387493133545
0.34036165475845337
0.33866435289382935
0.23983734846115112
0.34390491247177124
0.24336129426956177
0.305599570274353
0.18635332584381104
0.41925108432769775
1.0094243930652738
0.19226092100143433
0.3782842755317688
0.13273954391479492
0.2405354380607605
0.3860126733779907
0.17439782619476318
0.9589856751263142
0.44885289669036865
0.3929886817932129
0.33030205965042114
0.42453259229660034
0.3633047938346863
0.1946215033531189
0.4358454942703247
0.2031211256980896
0.40033847093582153
0.19536292552947998
0.3614237308502197
0.2354029417037964
0.41399455070495605
0.3484228849411011
0.1950708031654358
0.2205733060836792
0.25930309295654297
0.4501635432243347
0.2588106393814087
0.5183576941490173
0.3195037245750427
0.16807609796524048
0.42923295497894287
0.4047512412071228
0.24463987350463867
0.2893025279045105
0.24501335620880127
0.22069907188415527
0.4135247468948364
0.2569580078125
0.30612677335739136
0.21576637029647827
0.20704108476638794
0.2588842511177063
0.387159526348114
0.31421124935150146
0.2766576409339905
0.37304192781448364
0.27607476711273193
0.3906130790710449
0.1112741231918335
0.36530089378356934
0.3000001311302185
0.16180694103240967
0.18173086643218994
1.0817864313721657
0.42137426137924194
0.26455843448638916
0.27434074878692627
0.3993690013885498
0.22326034307479858
0.28870588541030884
0.42317527532577515
0.4345341920852661
0.37576669454574585
0.2877039909362793
0.3097321391105652
0.35067737102508545
0.30574047565460205
0.23753148317337036
0.0669022798538208
0.22403573989868164
0.29811596870422363
0.42313843965530396
0.4316890239715576
0.3017977476119995
0.40654343366622925
0.31851130723953247
0.286495566368103
0.2603692412376404
0.33373671770095825
0.40091198682785034
0.22884339094161987
0.4092555046081543
0.15069526433944702
0.38080257177352905
0.19176054000854492
0.23371374607086182
0.5933859348297119
0.20171594619750977
0.2325572967529297
0.23774361610412598
0.5354256331920624
0.27176082134246826
0.47898685932159424
0.31349998712539673
0.1592923402786255
0.2767733931541443
0.25752896070480347
0.3245636820793152
0.29847055673599243
0.5227080285549164
0.31358766555786133
0.19302898645401
0.32190150022506714
0.2386188507080078
0.49040544033050537
0.3679763078689575
0.30379801988601685
0.31315189599990845
0.3432580828666687
0.30640721321105957
0.3725598454475403
0.33269429206848145
0.3194843530654907
1.0525238364934921
0.20728325843811035
0.32076549530029297
0.2072296142578125
0.21154731512069702
0.1658446192741394
0.24846148490905762
0.2232230305671692
0.31548798084259033
0.24651730060577393
0.276919960975647
0.23072344064712524
0.2395344376564026
0.9159686416387558
0.27691638469696045
0.3189319968223572
0.2649385929107666
0.40383732318878174
0.25387042760849
0.3945629596710205
0.37927818298339844
0.3141922950744629
0.42917948961257935
0.2908727526664734
0.35110408067703247
0.18787801265716553
0.23560959100723267
0.366960346698761
0.36472785472869873
0.1610289216041565
0.8345113843679428
0.20943236351013184
0.4058404564857483
0.2561003565788269
0.24795573949813843
0.3317704200744629
0.32660335302352905
0.3518335223197937
0.32691478729248047
0.28945034742355347
0.2844729423522949
0.94041458517313
0.3360109329223633
0.32757633924484253
0.24361759424209595
0.992889876011759
0.44778168201446533
0.5202694237232208
0.23979949951171875
0.3058807849884033
0.3454844355583191
0.3687587380409241
0.34450507164001465
0.40090322494506836
0.3980415463447571
0.1811995506286621
0.23546022176742554
0.1846449375152588
0.17171257734298706
0.38206416368484497
0.4405542016029358
0.2844441533088684
0.3060871958732605
0.2377762794494629
0.3078795075416565
0.29470473527908325
0.33027416467666626
0.18203109502792358
0.46476244926452637
0.33657407760620117
0.284831702709198
0.24301981925964355
0.24561291933059692
0.23626291751861572
0.30256766080856323
0.4329778552055359
0.34498947858810425
0.3200581669807434
0.23414844274520874
0.38031429052352905
0.3737725615501404
0.5010221898555756
0.38490742444992065
1.029638672247529
0.05941665172576904
0.5910487174987793
0.2865130305290222
0.32353734970092773
0.2854914665222168
0.29970747232437134
0.33041512966156006
0.29317033290863037
0.3404712677001953
0.5495983362197876
0.35318464040756226
0.3029259443283081
0.3566308617591858
0.2503644824028015
0.2773483395576477
0.26755034923553467
0.21994900703430176
0.3200846314430237
0.14409464597702026
0.4743037819862366
0.2684842348098755
0.928671658039093
0.35040950775146484
0.34353363513946533
0.3350970149040222
0.25882798433303833
0.20179462432861328
0.3860308527946472
0.3078548312187195
0.3452444076538086
0.2927931547164917
0.23515748977661133
0.809819296002388
0.4449729919433594
0.16968268156051636
0.22208768129348755
0.3262189030647278
0.39896106719970703
0.30575746297836304
0.37377697229385376
0.2656671404838562
0.3457000255584717
0.3180069327354431
0.27346092462539673
0.27750569581985474
0.3329901099205017
0.28908097743988037
0.23094987869262695
0.20728325843811035
0.3541034460067749
0.917642243206501
0.9892303543165326
0.32889872789382935
0.4610801935195923
0.3539174795150757
0.30006706714630127
0.3859750032424927
0.30069059133529663
0.2243679165840149
0.25536566972732544
0.18546730279922485
0.43294578790664673
0.4168536067008972
0.422310471534729
0.4572560787200928
0.3065323233604431
0.39505165815353394
0.3925977945327759
0.23526006937026978
0.37092894315719604
0.4232831597328186
0.2728884816169739
0.2465229630470276
0.21236974000930786
0.2560265064239502
0.22072315216064453
0.14740723371505737
0.20087331533432007
0.32325488328933716
0.17579174041748047
0.4547901749610901
0.5032229125499725
0.3522980213165283
0.2597615122795105
0.40759527683258057
0.3690347671508789
0.32948607206344604
0.21776187419891357
0.20887738466262817
0.274988055229187
0.2868630290031433
0.3919075131416321
0.264986515045166
0.24463766813278198
0.4717066287994385
0.3030627965927124
0.2515713572502136
0.32330119609832764
0.51915243268013
0.24508512020111084
0.09280192852020264
0.5059117674827576
0.41405224800109863
0.22968459129333496
0.3240538239479065
0.39134037494659424
0.2989885210990906
0.41917890310287476
0.32308870553970337
0.35086172819137573
0.4752437472343445
0.3133745789527893
0.4628896117210388
0.2645491361618042
0.9378781504929066
0.2521132826805115
0.27756768465042114
0.3926542401313782
0.3517071604728699
0.42307013273239136
0.3921735882759094
0.3053494691848755
0.23100006580352783
0.4957141876220703
0.5626715421676636
0.49588310718536377
0.3612470030784607
0.4016076326370239
0.27482175827026367
0.2767491936683655
0.25189876556396484
0.2712838053703308
0.5208851397037506
0.36394309997558594
0.37007248401641846
0.37461012601852417
0.2612341642379761
0.32957202196121216
0.4664229154586792
0.2909103035926819
0.19467365741729736
0.21978610754013062
0.26934945583343506
0.26485371589660645
0.19813573360443115
0.4078403115272522
0.4134392738342285
0.369077205657959
0.3804752826690674
0.4033135771751404
0.34110701084136963
0.3178407549858093
0.3929281234741211
0.32456129789352417
0.238550066947937
0.18032711744308472
0.31281304359436035
0.3100133538246155
0.34704118967056274
0.3445577025413513
0.37418389320373535
0.46190357208251953
0.49885207414627075
0.34836316108703613
0.20401936769485474
0.3316251039505005
0.3369290232658386
0.22986316680908203
0.588617593050003
0.30755800008773804
0.3507814407348633
0.27063560485839844
0.3597908616065979
0.22503894567489624
0.32409900426864624
0.23547255992889404
0.4233394265174866
0.9852965716272593
0.21144163608551025
0.37384796142578125
0.370872437953949
0.3373514413833618
0.21956461668014526
0.37660080194473267
0.24010229110717773
0.3465839624404907
0.25788015127182007
0.2539457678794861
0.2209538221359253
0.2661283016204834
0.4089924693107605
0.20197820663452148
0.45277947187423706
0.23215997219085693
0.41269004344940186
0.3751983642578125
0.19226664304733276
0.28019392490386963
0.3771519064903259
0.18887090682983398
0.10292631387710571
0.29348182678222656
0.4661181569099426
0.26982957124710083
0.385617733001709
0.19927197694778442
0.21072345972061157
0.20981597900390625
0.3497317433357239
0.35244131088256836
0.2831503748893738
0.3971545100212097
0.2749261260032654
0.4149180054664612
1.0245685428380966
0.2002621293067932
0.1699749231338501
0.3751697540283203
0.2683500647544861
0.34900563955307007
0.33103567361831665
0.22076857089996338
0.998077021096833
0.8685254901647568
0.4192720651626587
0.3584142327308655
0.27688318490982056
0.30200159549713135
0.35664260387420654
0.27497947216033936
0.9876512419432402
0.282107412815094
0.19935733079910278
0.39692896604537964
0.27335578203201294
0.2293141484260559
0.30951565504074097
0.26566559076309204
0.3713077902793884
0.27565038204193115
0.3455934524536133
0.36511731147766113
0.301871657371521
0.3574190139770508
0.25488823652267456
0.2969619631767273
0.359549880027771
0.39434051513671875
0.3954951763153076
0.45383554697036743
1.0447197780013084
0.31064915657043457
0.1824195384979248
0.33408427238464355
0.4124199151992798
0.36019909381866455
0.3717353343963623
0.2503991723060608
0.36636292934417725
0.43877142667770386
0.35270291566848755
0.33274590969085693
0.3122420907020569
0.2828749418258667
0.18702232837677002
0.28423017263412476
0.22328293323516846
0.3906676173210144
0.3346084952354431
0.24295884370803833
0.31537777185440063
0.23285484313964844
0.47899681329727173
0.2701917290687561
0.36494165658950806
0.3389246463775635
0.19095951318740845
0.3921751379966736
0.3219214081764221
0.30282026529312134
0.4400647282600403
0.30254602432250977
0.7376236021518707
0.23304229974746704
0.3096622824668884
0.3595108389854431
0.3814016580581665
0.24424320459365845
0.3886847496032715
0.32430750131607056
0.3819471597671509
0.22693020105361938
0.26635420322418213
0.43128418922424316
0.4980260133743286
0.4438464045524597
0.29118549823760986
0.38140517473220825
0.1615270972251892
0.2860591411590576
0.2851611375808716
0.32892900705337524
0.9636476598680019
0.3773908019065857
0.32582950592041016
0.23623090982437134
0.26846766471862793
0.2886343002319336
0.27553534507751465
0.29731088876724243
0.1946888566017151
0.2070179581642151
0.33238518238067627
0.5326076447963715
0.09881830215454102
0.1259031891822815
0.17280465364456177
1.0182329416275024
0.28007227182388306
0.3461952805519104
0.34989190101623535
0.28490501642227173
0.49742770195007324
0.31583529710769653
0.29541438817977905
0.18795698881149292
0.26532697677612305
0.3208637833595276
0.18883204460144043
0.18278712034225464
0.266046941280365
0.3027843236923218
0.41838401556015015
0.3378448486328125
0.3378905653953552
0.2674509882926941
0.2207544445991516
0.4437072277069092
0.29039305448532104
0.23439747095108032
0.26703423261642456
0.17207551002502441
0.3372235894203186
0.3046082854270935
0.3103707432746887
0.45827817916870117
0.3883552551269531
0.4160706400871277
0.34300774335861206
0.2780727744102478
0.1810731291770935
0.2868226170539856
0.20199048519134521
0.2635141611099243
0.2406443953514099
0.2651185393333435
0.405261754989624
0.3802803158760071
0.589279294013977
0.28594809770584106
0.3484708070755005
0.13895279169082642
0.27525246143341064
0.35186880826950073
0.4799887537956238
0.9570733793079853
0.3383966088294983
0.43971365690231323
0.2067018747329712
0.26381176710128784
0.32249611616134644
0.1727873682975769
0.24295592308044434
0.3493061661720276
0.16862565279006958
0.3183821439743042
0.2662926912307739
0.22308629751205444
0.3697531819343567
0.4811372756958008
0.2489524483680725
0.2956172823905945
0.28072506189346313
0.4164958596229553
0.5693009197711945
0.43158960342407227
0.36037421226501465
0.2204115390777588
0.3230576515197754
0.3669532537460327
0.3378557562828064
0.370495080947876
0.9743985384702682
0.3477103114128113
0.2877475619316101
0.2319592833518982
0.24231451749801636
0.24854594469070435
0.30779755115509033
0.32619112730026245
0.15066033601760864
0.3599435091018677
0.43653982877731323
0.21013689041137695
0.1837998628616333
0.2591841220855713
0.36199700832366943
0.22589170932769775
0.31828415393829346
0.3044397234916687
0.1733558177947998
0.8585170805454254
0.21322065591812134
0.44170188903808594
0.370449960231781
0.27885693311691284
0.2847093343734741
0.26263874769210815
0.4995024800300598
0.3016211986541748
0.5588192045688629
0.2989571690559387
0.3386906385421753
0.490566611289978
0.37922805547714233
0.3103902339935303
0.9660166762769222
0.42066794633865356
0.37537485361099243
0.0945509672164917
0.29392796754837036
0.4771342873573303
1.0053424132056534
0.11680072546005249
0.3566039204597473
0.3908488154411316
0.28238779306411743
0.24416762590408325
0.29065531492233276
0.3019818663597107
0.3697171211242676
0.14207422733306885
1.0311119388788939
0.45386141538619995
0.20578229427337646
0.09564012289047241
0.25881654024124146
0.17911791801452637
0.3611683249473572
0.2600105404853821
0.3115951418876648
0.2518960237503052
0.40411055088043213
0.21060442924499512
0.27244025468826294
0.31720423698425293
0.3463752269744873
0.264459490776062
0.3421905040740967
0.3523297905921936
0.28561317920684814
0.27839428186416626
0.2524871826171875
0.2998470067977905
0.2590788006782532
1.0725490152835846
1.0303445104509592
0.4730396270751953
0.1917862892150879
0.5247583389282227
0.3420547842979431
0.31336647272109985
0.2934742569923401
0.5388948917388916
0.3454013466835022
0.1525622010231018
0.3604477047920227
0.3081146478652954
0.23500317335128784
0.4985925555229187
0.1899421215057373
0.187360942363739
0.9445921517908573
0.313584566116333
0.33196181058883667
0.28124868869781494
0.21034622192382812
0.24173778295516968
0.5348006188869476
0.2746480107307434
0.15798288583755493
0.548318088054657
0.22776657342910767
0.25009387731552124
0.37787139415740967
0.4411938190460205
0.28861188888549805
0.18800115585327148
0.3209538459777832
0.2744007110595703
0.48151278495788574
0.4366772770881653
0.13441389799118042
0.5194171965122223
0.3808763027191162
0.22214430570602417
0.2853715419769287
0.31015777587890625
0.28081560134887695
0.4127551317214966
0.3274703025817871
0.4771936535835266
0.26854801177978516
0.4098133444786072
0.19992667436599731
0.343636691570282
0.8991134539246559
0.25136882066726685
0.32586002349853516
0.2240833044052124
0.9424340650439262
0.2199563980102539
0.3074408173561096
0.9684108905494213
0.337102472782135
0.32939040660858154
0.33420640230178833
0.34391480684280396
0.3270631432533264
0.25882232189178467
0.45175081491470337
0.4302941560745239
0.19619065523147583
0.20287173986434937
0.26832330226898193
0.36273568868637085
0.4723345637321472
0.3592814803123474
0.4079878330230713
0.35305535793304443
0.40726238489151
0.26356059312820435
0.24074113368988037
0.3932496905326843
0.39267969131469727
0.4580225348472595
0.46683984994888306
0.2159634232521057
0.3620206117630005
0.4938321113586426
0.19200193881988525
0.39212238788604736
0.2176973819732666
0.31731700897216797
0.24833548069000244
0.15153193473815918
0.3459926247596741
0.2706180810928345
0.202944815158844
0.30575132369995117
0.28766685724258423
0.29059892892837524
0.236616849899292
0.27161574363708496
0.2514203190803528
0.18404215574264526
1.008109307847917
0.551751047372818
0.5235451459884644
0.43799901008605957
0.3587644696235657
0.39144253730773926
0.33294743299484253
0.37118589878082275
0.3902302384376526
0.2557942867279053
0.18714696168899536
0.9681430198252201
0.4951487183570862
0.2729495167732239
0.22880172729492188
0.12283062934875488
0.2585407495498657
0.9020085260272026
0.35767143964767456
0.2077837586402893
0.3694921135902405
0.41616809368133545
0.3104345202445984
0.3992157578468323
0.34071671962738037
0.27129805088043213
0.43084025382995605
0.3028227686882019
0.4640246033668518
0.2670741677284241
0.366926908493042
0.2128772735595703
0.3596700429916382
0.37129640579223633
0.23499321937561035
0.27565938234329224
0.5127090215682983
0.3735712170600891
0.28039294481277466
0.378085196018219
0.8212133049964905
0.42091649770736694
0.23869025707244873
0.4119252562522888
0.9562229551374912
0.36789143085479736
0.42264384031295776
0.19959527254104614
0.27488481998443604
0.15914666652679443
0.2770947813987732
0.21411007642745972
0.5575869679450989
0.14346110820770264
0.23516416549682617
0.17827647924423218
0.3086709976196289
0.5072585344314575
0.5413638949394226
0.5478634834289551
0.03357464075088501
0.27242469787597656
0.35518878698349
0.2538461685180664
0.4440416693687439
0.1970822811126709
0.39639461040496826
0.27964872121810913
0.22197771072387695
0.2949143052101135
0.20217233896255493
0.3399876356124878
0.27082347869873047
0.2696529030799866
0.4119807481765747
0.19106870889663696
0.3596324324607849
0.3639257550239563
0.3005375862121582
0.2579731345176697
0.5945764183998108
0.16427773237228394
0.3200516700744629
0.2990684509277344
0.15263503789901733
0.3473967909812927
0.34830766916275024
0.6422477960586548
0.3309764266014099
0.43303412199020386
0.38959014415740967
0.3259972929954529
0.28782224655151367
0.32436317205429077
1.0101839546114206
0.3262123465538025
0.29077064990997314
0.3962387442588806
1.030860435217619
0.3020922541618347
0.3209216594696045
0.403195321559906
0.1941733956336975
0.22906005382537842
0.25442981719970703
0.2510049343109131
0.2612636089324951
0.31227171421051025
0.4223957657814026
0.22668194770812988
0.3710969090461731
0.27162379026412964
0.36737561225891113
0.36084407567977905
0.3244459629058838
0.4095170497894287
0.25394386053085327
0.2754054665565491
0.7547837942838669
0.27114003896713257
0.5400787591934204
0.49889206886291504
0.3793914318084717
0.1769348382949829
0.27796274423599243
0.3123835325241089
0.3430640697479248
0.35304707288742065
0.28503555059432983
0.3068990111351013
0.2695969343185425
0.10700595378875732
0.39709872007369995
0.1314781904220581
0.2745005488395691
0.12879908084869385
0.35218632221221924
0.3103939890861511
0.31717073917388916
0.18235695362091064
0.3823116421699524
0.37558335065841675
0.27587878704071045
0.47334861755371094
0.3859800100326538
0.3239068388938904
0.2717098593711853
0.3489183187484741
0.31576234102249146
0.237063467502594
0.2416340708732605
0.2293892502784729
0.22126621007919312
0.2244749665260315
0.18752515316009521
0.2574183940887451
0.23563295602798462
0.21816730499267578
0.34984010457992554
0.36323195695877075
0.4584663510322571
0.9413489252328873
0.2971183657646179
0.27370405197143555
0.44924479722976685
0.45384788513183594
0.21719890832901
0.3123137950897217
0.27794086933135986
0.29904818534851074
0.2960972189903259
0.33160698413848877
0.326618492603302
0.3312070369720459
0.3920464515686035
0.36632704734802246
0.20871472358703613
0.20230156183242798
0.8968105688691139
0.2334250807762146
0.3326646089553833
0.24046331644058228
0.23027080297470093
0.4511018395423889
0.33829033374786377
0.2717498540878296
0.9113339930772781
0.3163197636604309
0.3637959361076355
0.2961888909339905
0.41390782594680786
1.0277631133794785
0.4216534495353699
0.3628615736961365
0.4259711503982544
0.302095890045166
0.2594795227050781
0.4915909767150879
0.3421764373779297
0.356393039226532
0.3967129588127136
0.31143122911453247
0.3497466444969177
0.2041824460029602
0.390705406665802
0.38846349716186523
0.2648705840110779
0.3754255771636963
0.949923001229763
0.3082956075668335
0.34168553352355957
0.5223121345043182
0.3223162293434143
0.18031489849090576
0.5901933014392853
0.2188706398010254
0.42725634574890137
0.874229907989502
0.3915603756904602
0.46280908584594727
0.21412807703018188
0.27031487226486206
0.3402280807495117
0.2949119806289673
0.3799428939819336
0.2710689306259155
0.19952911138534546
0.39603447914123535
0.2644401788711548
0.48257726430892944
0.45487749576568604
0.20743519067764282
0.2929688096046448
0.31134480237960815
0.5623258352279663
0.42437809705734253
0.4706365466117859
0.3773254156112671
0.3540199398994446
0.24097079038619995
0.3751950263977051
0.19575250148773193
0.10411584377288818
0.3924522399902344
0.403583288192749
0.29612642526626587
0.3325824737548828
0.22683238983154297
0.5316799879074097
0.3597463369369507
0.3314623236656189
0.36014336347579956
0.18668103218078613
0.36041027307510376
0.44160932302474976
0.26879429817199707
0.4149993658065796
0.4840759038925171
0.48810136318206787
0.1825578212738037
0.4096972346305847
0.2314322590827942
0.41454482078552246
0.22550475597381592
0.29720383882522583
0.2036953568458557
0.34081751108169556
0.33453959226608276
0.3302682638168335
0.28825682401657104
0.39204078912734985
0.2782750725746155
0.450359582901001
0.33149218559265137
0.2868685722351074
0.1554582715034485
0.35101908445358276
0.19800490140914917
0.41208750009536743
0.25990110635757446
0.31400901079177856
0.2658461928367615
0.490246057510376
0.9789330027997494
0.49341946840286255
0.41227275133132935
0.48587101697921753
0.2136915922164917
0.21483975648880005
0.3530568480491638
0.1833013892173767
0.2754320502281189
0.39430052042007446
0.3497811555862427
0.21394312381744385
0.2878977060317993
0.47920578718185425
0.2766615152359009
0.2092818021774292
0.3286673426628113
0.3693920373916626
0.42804592847824097
0.2576707601547241
0.19143855571746826
1.015733117237687
0.2680063843727112
0.36213093996047974
0.4041719436645508
0.2306402325630188
0.3304339051246643
0.3585035800933838
0.3442666530609131
0.348641574382782
0.26157087087631226
0.328468918800354
0.41182148456573486
0.3241567015647888
0.4124966263771057
0.33166515827178955
0.32485222816467285
0.38598906993865967
0.33198994398117065
0.3032209277153015
0.29950714111328125
0.14474433660507202
0.2712721824645996
0.16875356435775757
0.32048332691192627
0.25095701217651367
0.17595618963241577
0.2755187153816223
0.32266485691070557
0.21805942058563232
0.269092857837677
0.25373250246047974
0.3875603675842285
0.2175426483154297
0.38753968477249146
0.29661208391189575
0.2655603885650635
0.2850987911224365
0.4109008312225342
0.36421507596969604
0.29979944229125977
0.11954259872436523
0.24286752939224243
0.3996835947036743
0.13584643602371216
0.2591092586517334
0.3979814052581787
0.16735190153121948
0.224470853805542
0.31492066383361816
0.3142763376235962
0.5197875499725342
0.3847532272338867
0.1384645700454712
0.27706193923950195
0.3334621787071228
0.20193856954574585
0.3162422180175781
0.3788984417915344
0.7089686095714569
0.4277973771095276
0.26552653312683105
0.3450690507888794
0.2313414216041565
0.4957643747329712
0.455538809299469
0.255984365940094
0.19424766302108765
0.2557814121246338
0.2956503629684448
0.18883812427520752
0.3015843629837036
0.7020637094974518
0.24275505542755127
0.26553797721862793
0.29028886556625366
0.4309900403022766
0.3480939269065857
0.27250123023986816
0.31242549419403076
1.073767438530922
0.40653741359710693
0.35983866453170776
0.3027588725090027
0.3087030053138733
0.336887001991272
0.2544993758201599
0.17377954721450806
0.4788024425506592
0.9727162551134825
0.22586345672607422
0.15077435970306396
0.29546332359313965
0.39684128761291504
0.2582581043243408
0.3154616951942444
0.23105424642562866
0.3337481617927551
0.22820216417312622
1.0677534863352776
0.3663818836212158
0.5424352586269379
0.17622321844100952
0.25228554010391235
0.24619150161743164
0.3589703440666199
0.3332241177558899
0.3671613931655884
0.450175940990448
0.2811286449432373
0.13617926836013794
0.37377530336380005
0.43215394020080566
0.16442960500717163
0.2961680293083191
0.4584619402885437
0.40730011463165283
0.48565787076950073
0.24526357650756836
0.33921265602111816
0.28220194578170776
0.653181254863739
0.37207621335983276
0.24270790815353394
0.1848776936531067
0.2038014531135559
0.3756631016731262
0.45993733406066895
0.32375621795654297
0.42249035835266113
0.63974529504776
0.3153267502784729
0.3527194857597351
0.2565191388130188
0.5667488276958466
0.20616787672042847
0.26840752363204956
0.18666332960128784
0.2712494134902954
0.18186801671981812
0.4211187958717346
0.3746877908706665
0.26534223556518555
0.3637838363647461
0.325140118598938
0.3309410810470581
0.32499438524246216
0.22223395109176636
0.2445780634880066
0.4148429036140442
0.24839770793914795
0.3793151378631592
0.34075188636779785
0.2129993438720703
0.30483853816986084
0.23597246408462524
0.22767490148544312
0.2424638271331787
0.5107843279838562
0.3912343978881836
0.32318365573883057
0.4350626468658447
0.2812466025352478
0.2778072953224182
0.4681139588356018
0.25891345739364624
0.4328254461288452
0.5187813341617584
0.20465701818466187
0.2894570827484131
0.6027107536792755
0.46113288402557373
0.4459782838821411
0.17551040649414062
0.3267408609390259
0.21121340990066528
0.4790443778038025
0.2615365982055664
0.31446754932403564
0.18753093481063843
0.3211786150932312
0.12096422910690308
0.2527396082878113
0.23056375980377197
0.28785383701324463
0.263907790184021
0.3687787652015686
0.3239927887916565
0.5770274102687836
0.13040292263031006
0.28359097242355347
0.3150402903556824
0.26978689432144165
0.23179638385772705
0.3981785178184509
0.5296051204204559
0.18546319007873535
0.27435600757598877
0.35228806734085083
0.18540185689926147
0.23642069101333618
0.31707054376602173
0.28765708208084106
0.2921861410140991
0.4074004292488098
0.28618621826171875
0.30015140771865845
0.2275121808052063
0.32041776180267334
0.2869153618812561
0.4191303849220276
0.14927572011947632
0.43299800157546997
0.29538673162460327
0.28815823793411255
0.2804039716720581
0.3700575828552246
0.31015217304229736
0.4094245433807373
0.32632648944854736
0.28226637840270996
0.36121535301208496
0.47811615467071533
0.2868937849998474
0.3786863684654236
0.2740705609321594
0.3056991696357727
0.25030195713043213
0.21894460916519165
1.023945514112711
0.20508354902267456
0.3202595114707947
0.31333261728286743
0.3159169554710388
0.3297331929206848
0.15140891075134277
0.34386342763900757
0.2732544541358948
0.31241047382354736
0.4350450038909912
0.4381316900253296
0.3034334182739258
0.18924158811569214
0.2656325101852417
0.3888896703720093
1.0325589552521706
0.2182980179786682
0.2881839871406555
0.29395973682403564
0.41853922605514526
0.24578768014907837
0.45809000730514526
0.46568846702575684
0.24364525079727173
0.21741503477096558
0.268139123916626
0.37934350967407227
0.30749833583831787
0.30265700817108154
0.14866548776626587
0.4703540802001953
0.3727582097053528
0.30080634355545044
0.31682658195495605
0.3031310439109802
0.4115790128707886
0.995602891780436
0.3674326539039612
0.45241570472717285
0.36269116401672363
0.4701308608055115
0.7210875153541565
0.22719484567642212
0.29707181453704834
0.38519930839538574
0.2411368489265442
0.9842849224805832
0.0506892204284668
0.34701430797576904
0.10747039318084717
0.35743284225463867
0.37460190057754517
0.36643344163894653
0.2917340397834778
0.9976766260806471
0.163985013961792
0.15591412782669067
0.13844525814056396
0.4093649983406067
0.40094518661499023
0.4462248682975769
0.09757834672927856
0.3622925281524658
0.27628302574157715
0.2840849757194519
0.2565646767616272
0.37444084882736206
0.2104749083518982
0.36163270473480225
0.329643189907074
0.2839905619621277
0.24513447284698486
0.14715272188186646
0.3443872332572937
0.3365516662597656
0.9588864147663116
0.5695858895778656
0.35963475704193115
0.5539096593856812
0.35333681106567383
0.3533940315246582
0.2776414155960083
0.172990083694458
0.3538179397583008
0.4497155547142029
0.19843101501464844
1.0671235546469688
0.20856165885925293
0.4245513081550598
0.4253841042518616
0.48314452171325684
0.37759923934936523
0.21145743131637573
0.250945508480072
0.4938024878501892
0.3593219518661499
0.3764916658401489
0.3932877779006958
0.23591548204421997
0.3718339204788208
0.2999606132507324
0.13804155588150024
0.4553050994873047
1.0317904129624367
0.2519073486328125
0.25404155254364014
0.29290419816970825
0.19363552331924438
0.2929007411003113
0.7468776702880859
0.4212759733200073
0.26414555311203003
0.38776201009750366
0.2557130455970764
0.4014500379562378
0.26531440019607544
0.41800355911254883
0.5473830103874207
0.12560832500457764
0.4178818464279175
0.30030643939971924
0.3381155729293823
0.27061188220977783
0.4397740960121155
0.22887825965881348
0.38756853342056274
0.2817224860191345
0.3490768074989319
0.12909966707229614
0.29611945152282715
0.31099021434783936
0.36458510160446167
0.25642096996307373
0.27082788944244385
0.2525786757469177
0.39619356393814087
0.27784860134124756
0.327872097492218
0.2694586515426636
0.3519206643104553
0.24688076972961426
0.21069252490997314
0.2513800263404846
0.30974751710891724
0.3593864440917969
0.3983336091041565
0.2845473289489746
0.330122709274292
0.3093823790550232
0.4336426258087158
0.40296900272369385
0.2172694206237793
0.37695837020874023
0.3000590205192566
0.21754437685012817
0.27499473094940186
0.3682636022567749
0.35848426818847656
0.4163670539855957
0.36486148834228516
0.2902498245239258
0.284731388092041
0.2744840383529663
0.18774265050888062
0.36112266778945923
0.4034065008163452
0.42115187644958496
0.32017701864242554
0.44732844829559326
0.4748622179031372
0.29684239625930786
0.29626452922821045
0.3256388306617737
0.17880892753601074
0.18011510372161865
0.18829184770584106
0.27398860454559326
0.3089151382446289
0.3111688494682312
0.1876789927482605
0.3169323205947876
0.5508215129375458
0.2920975089073181
0.2746511697769165
0.17781132459640503
0.28798753023147583
0.24039620161056519
0.2384878396987915
0.1780429482460022
0.20670223236083984
0.3207077980041504
0.18476086854934692
0.4267730712890625
0.2512550354003906
0.46068400144577026
0.12576735019683838
0.42421722412109375
0.4307703375816345
0.35010093450546265
0.2147287130355835
0.16366755962371826
0.32875555753707886
0.2731392979621887
0.306435763835907
0.31829971075057983
0.40858346223831177
0.3033987879753113
0.10525554418563843
0.27367615699768066
0.25626933574676514
0.418722927570343
0.26721757650375366
0.42862749099731445
0.9852804001420736
0.1951422095298767
0.399384081363678
0.20560437440872192
0.10250049829483032
0.34820622205734253
0.2664988040924072
0.24952298402786255
0.38403087854385376
0.32242923974990845
0.28549063205718994
0.24518263339996338
0.41898757219314575
0.37091654539108276
0.5822025537490845
0.2341707944869995
0.23573362827301025
0.28372901678085327
0.2565435767173767
0.22730779647827148
0.2093941569328308
0.3661401867866516
0.17405033111572266
0.32733625173568726
0.36253154277801514
0.1937267780303955
