0.3373528718948364
0.36859452724456787
0.3647279143333435
0.6051462590694427
0.3663628101348877
0.18107318878173828
0.22288674116134644
0.3403967618942261
0.5413638949394226
0.5575869679450989
0.24819320440292358
0.36095869541168213
0.42264384031295776
0.3902302384376526
0.38786107301712036
0.4229136109352112
0.3847552537918091
0.921490803360939
0.43920546770095825
0.3419575095176697
0.31828415393829346
0.2565191388130188
0.2353646159172058
0.3312069773674011
0.356642484664917
0.28356558084487915
0.39212244749069214
0.31604522466659546
0.22767502069473267
0.396439790725708
0.26854801177978516
0.3597463369369507
0.13804149627685547
0.20396286249160767
0.31134486198425293
0.39144259691238403
0.3787040710449219
0.31537771224975586
0.4186192750930786
0.4336426258087158
0.32690125703811646
0.3454013466835022
0.4567546844482422
0.3077976107597351
0.2464965581893921
0.2807251214981079
0.3618014454841614
0.3309410810470581
0.440554141998291
0.3926527500152588
0.32485222816467285
0.34654009342193604
0.3700571656227112
0.3908488154411316
0.45308732986450195
0.29347437620162964
0.40936511754989624
0.2997993230819702
0.2649693489074707
0.2929688096046448
0.27764153480529785
0.27179455757141113
0.3182995915412903
0.23866838216781616
0.2956172823905945
0.24909543991088867
0.15069526433944702
0.3367900848388672
0.2932027578353882
0.2744840383529663
0.5255985856056213
0.4619036316871643
0.38191020488739014
0.2610270380973816
0.3730418086051941
0.32399284839630127
0.3019818663597107
0.35228806734085083
0.4002798795700073
0.21394306421279907
0.2436453104019165
0.3754255771636963
0.2907705307006836
0.33015209436416626
0.40653932094573975
0.24846148490905762
0.17280471324920654
0.26755034923553467
0.1859416365623474
0.5917580127716064
0.3954951763153076
0.25654351711273193
0.44774019718170166
0.2745005488395691
0.20616787672042847
0.2922443747520447
0.37444084882736206
0.29446446895599365
0.18203115463256836
0.27488499879837036
0.2103462815284729
0.2823278307914734
0.9678729325532913
0.1725982427597046
1.041970357298851
0.40653735399246216
0.34830760955810547
0.18960261344909668
0.2509569525718689
0.3314645290374756
0.2293892502784729
0.35182470083236694
0.15740281343460083
0.39715445041656494
0.30722373723983765
0.41227275133132935
0.3150402903556824
0.40532708168029785
0.3766006827354431
0.41405248641967773
0.27255481481552124
0.24270784854888916
0.7468777000904083
0.24286752939224243
0.2997073531150818
0.27706199884414673
0.20418226718902588
0.33263009786605835
0.21741503477096558
0.4661181569099426
0.4473283290863037
0.3019373416900635
0.2329317331314087
0.5143876671791077
0.2639293074607849
0.3022904396057129
0.9589857310056686
0.12576746940612793
0.28812962770462036
0.2823878526687622
0.40526169538497925
0.2771625518798828
0.3645850419998169
0.303433358669281
0.16946518421173096
0.39141136407852173
0.23547255992889404
0.2871120572090149
0.404868483543396
0.4223105311393738
0.3233335018157959
0.5367032289505005
0.21269303560256958
0.24518263339996338
0.24463975429534912
0.32000499963760376
0.16807609796524048
0.2780660390853882
0.3782840967178345
0.2763158679008484
0.1917104721069336
0.35663092136383057
0.20943254232406616
0.31948429346084595
0.3698263168334961
0.3430640697479248
0.4668755531311035
0.3517071604728699
0.34907686710357666
0.5032228231430054
0.2960972785949707
0.24463754892349243
1.0725489780306816
0.19927191734313965
0.3639848828315735
0.24501347541809082
0.14918053150177002
0.34205466508865356
0.29619401693344116
0.2752525210380554
0.2739211916923523
0.24424314498901367
0.3601433038711548
0.36922764778137207
0.4191787838935852
0.23417073488235474
0.1937267780303955
0.26807093620300293
0.4395948648452759
0.27335578203201294
0.16584455966949463
0.25211334228515625
0.32249611616134644
0.4361986517906189
0.29165852069854736
0.3378450274467468
0.40732985734939575
0.27784860134124756
0.1920018196105957
0.19990062713623047
0.27325451374053955
0.3421907424926758
0.3229779601097107
0.21576637029647827
0.4201282858848572
0.34985315799713135
0.5100557506084442
0.40185457468032837
0.23591560125350952
0.25875574350357056
0.5247583389282227
0.3315317630767822
0.3989608883857727
0.28460603952407837
0.24336135387420654
0.3996456265449524
0.3661401867866516
0.4752436876296997
0.1779736876487732
0.30350130796432495
0.9743985421955585
0.28689390420913696
0.3301039934158325
0.2557942271232605
0.2397996187210083
0.9669251702725887
0.24795562028884888
0.2438105344772339
0.13829898834228516
0.3200845718383789
0.3074990510940552
0.13584643602371216
0.49514877796173096
0.2456904649734497
0.5508215129375458
0.38028037548065186
0.30939429998397827
0.3411327600479126
0.31230151653289795
0.1313687562942505
0.3336380124092102
0.4098132848739624
0.18702220916748047
0.20591801404953003
0.39858072996139526
0.2465229630470276
0.2140856385231018
0.4224904775619507
0.3567354679107666
0.3111687898635864
0.2711392641067505
0.4150301218032837
0.1959487795829773
0.43274611234664917
0.16173511743545532
0.4578547477722168
0.2244478464126587
0.22944146394729614
0.9265379682183266
0.15140902996063232
0.3178407549858093
0.21995633840560913
0.490246057510376
0.38921600580215454
0.240192711353302
0.9920822037383914
0.20560449361801147
0.36112266778945923
0.539698600769043
0.3764665126800537
0.34358900785446167
0.2740704417228699
0.3735583424568176
0.3695333003997803
0.23280608654022217
0.34109973907470703
0.38776201009750366
0.3052583932876587
0.28818386793136597
0.3169514536857605
0.4124966263771057
0.9570734724402428
0.27607476711273193
0.36812543869018555
0.30496644973754883
0.21339523792266846
0.26532697677612305
0.32599741220474243
0.2279871106147766
0.3032209873199463
0.36285412311553955
0.6531812846660614
0.4224410057067871
0.3027842044830322
0.27124935388565063
0.9113339781761169
0.4417020082473755
0.31091588735580444
0.1615270972251892
0.3056989908218384
0.28682267665863037
0.35391765832901
0.13648301362991333
0.47811615467071533
0.49181294441223145
0.5577169358730316
0.22756773233413696
0.8212133347988129
0.3120352029800415
0.10292631387710571
0.9727162197232246
0.22730785608291626
0.2710563540458679
0.41157907247543335
0.1930687427520752
0.2199488878250122
0.22208774089813232
0.4279237985610962
0.21740585565567017
0.31546175479888916
0.1401069164276123
0.3353084325790405
0.2844492793083191
0.40094518661499023
0.2553657293319702
0.2975155711174011
0.2808155417442322
0.2221393585205078
0.2031211256980896
0.8880671933293343
0.269092857837677
0.18800115585327148
0.349376916885376
0.24854600429534912
0.3497905135154724
0.23953449726104736
0.3241691589355469
0.47303956747055054
0.39190757274627686
0.20418435335159302
0.2782750725746155
0.4310530424118042
1.0085743349045515
0.36144375801086426
0.23499321937561035
0.22887831926345825
0.32701247930526733
0.3549477458000183
0.32005178928375244
0.4198179244995117
0.2635142207145691
0.37790369987487793
0.253126859664917
0.22328293323516846
0.3585668206214905
0.30265700817108154
0.19992667436599731
0.18668091297149658
0.2694587707519531
0.39833366870880127
0.3987252116203308
0.2717057466506958
0.2744007706642151
0.302567720413208
0.3637958765029907
0.4213743209838867
0.3337480425834656
0.2853715419769287
0.4452006220817566
0.281128466129303
0.35020923614501953
0.32390689849853516
0.357471764087677
0.3079582452774048
0.26745104789733887
0.37430787086486816
0.9782382864505053
0.3819471597671509
0.310649037361145
0.45553886890411377
0.25343799591064453
0.37808525562286377
0.3445051312446594
0.44421666860580444
0.4161680340766907
0.3591068983078003
0.32086390256881714
0.22862118482589722
0.25642091035842896
0.4647623300552368
0.19775694608688354
0.21719890832901
0.3044161796569824
0.37313342094421387
0.4437072277069092
0.3317263126373291
0.3406427502632141
0.408474326133728
0.2749881148338318
0.32939040660858154
0.2173362374305725
0.25988268852233887
0.2927417755126953
0.20296329259872437
0.30276983976364136
0.34144437313079834
0.41926395893096924
0.2804040312767029
0.3593864440917969
0.2878221869468689
0.28690487146377563
0.344179630279541
0.2489524483680725
0.7547838091850281
0.3126230835914612
0.34807509183883667
0.3423096537590027
0.2948950529098511
0.3530568480491638
0.3530552387237549
0.5127089619636536
0.27482181787490845
0.30443984270095825
0.33990776538848877
0.2232602834701538
0.31403863430023193
0.28935813903808594
0.200262188911438
0.44964736700057983
0.22308623790740967
0.40532535314559937
0.32528334856033325
0.33526039123535156
0.3124253749847412
0.4095171093940735
0.29659146070480347
0.20508354902267456
0.3970909118652344
0.2626386284828186
0.2373395562171936
0.23287248611450195
0.2209538221359253
0.4223957061767578
0.32346469163894653
0.32582950592041016
0.5072584748268127
0.1646701693534851
0.27709484100341797
0.22517752647399902
0.2681310176849365
0.4326361417770386
0.20782411098480225
0.19959521293640137
0.238550066947937
0.49056655168533325
0.8991133719682693
0.27998483180999756
0.3081146478652954
0.19507092237472534
0.34701430797576904
0.25691747665405273
0.5115607976913452
0.26085329055786133
0.4015209674835205
0.35841429233551025
0.26523101329803467
0.3060871958732605
0.34973180294036865
0.4012042284011841
0.31532686948776245
0.259901225566864
0.29218602180480957
0.3891473412513733
0.26949626207351685
0.4041106104850769
0.3019602298736572
0.42157912254333496
0.30793339014053345
0.36693376302719116
0.2937735915184021
0.386030912399292
0.3149207830429077
0.11680078506469727
0.9431793615221977
0.3319898843765259
0.6164813041687012
0.22057342529296875
0.1922665238380432
0.2952742576599121
0.9286716133356094
0.32621240615844727
0.2902888059616089
0.370872437953949
0.45260828733444214
0.5271036624908447
0.4185391664505005
0.20922428369522095
0.25776588916778564
0.15153193473815918
0.3074982762336731
0.5682022869586945
0.17299014329910278
0.2544994354248047
0.3942633271217346
0.333462119102478
0.26552653312683105
0.293468177318573
0.2736760973930359
0.27558737993240356
0.5197874903678894
0.43504494428634644
0.21121346950531006
0.21092551946640015
0.23563289642333984
0.2754054069519043
0.4358454942703247
0.21060329675674438
0.2635340094566345
0.24211567640304565
0.22589164972305298
0.22719484567642212
0.4119252562522888
0.2648705840110779
0.46113288402557373
0.17325204610824585
0.36128711700439453
0.39874380826950073
0.3994544744491577
0.3133084774017334
0.2560265064239502
0.3687586784362793
0.2922106981277466
0.24046218395233154
0.33030205965042114
0.16704708337783813
0.34857356548309326
0.26485371589660645
0.3586716651916504
0.2639077305793762
0.34974682331085205
0.2517833709716797
0.16427749395370483
0.3331946134567261
0.39069801568984985
0.359549880027771
0.22041159868240356
0.3342065215110779
0.21796667575836182
0.25189894437789917
0.27082347869873047
0.3714328408241272
0.2773483395576477
0.2621055841445923
0.4164349436759949
0.36209094524383545
0.47554582357406616
0.37002032995224
0.15929222106933594
0.2683500647544861
0.2712981104850769
0.2712721824645996
0.39623868465423584
0.17804288864135742
0.3403857350349426
0.2840849757194519
0.38785576820373535
0.3518335223197937
0.261566698551178
0.41230350732803345
0.2988394498825073
0.49328553676605225
0.25394392013549805
0.3464714288711548
0.13273954391479492
0.4381316900253296
0.21887058019638062
0.5933859646320343
0.2981160283088684
1.024568559601903
0.3016018271446228
0.2919800281524658
0.4206678867340088
0.5690934062004089
0.28922247886657715
0.940414547920227
0.34771037101745605
0.30435270071029663
0.5444287657737732
0.2767335772514343
0.36787712574005127
0.14715290069580078
0.208379864692688
0.3519206643104553
0.39156049489974976
0.3240537643432617
0.4214767813682556
0.26256614923477173
0.2364378571510315
0.2817224860191345
0.4359164834022522
0.3614237904548645
0.3300154209136963
0.24046671390533447
0.37670254707336426
0.27805542945861816
0.3455933928489685
0.3107173442840576
0.3390079140663147
0.1942586898803711
0.43294578790664673
0.2474241852760315
0.2265271544456482
0.9413489624857903
0.4163671135902405
0.307015597820282
0.17827636003494263
0.3881799578666687
0.3340751528739929
0.325140118598938
0.4789969325065613
0.29684239625930786
0.19325077533721924
0.23439747095108032
0.38816356658935547
0.15974408388137817
0.29392796754837036
0.34251558780670166
0.2877039909362793
0.2175426483154297
0.34820622205734253
0.32905054092407227
0.4723345637321472
0.2585408091545105
0.31768351793289185
0.34833115339279175
0.1314781904220581
0.4074113965034485
0.09455084800720215
0.33035701513290405
0.4033472537994385
0.26521581411361694
0.3929973244667053
0.3472127318382263
0.26840752363204956
0.43799901008605957
0.29548949003219604
0.3228146433830261
0.3200709819793701
0.2522854804992676
0.20639467239379883
0.23094987869262695
0.7020636200904846
0.3810775876045227
0.4178818464279175
0.9445922076702118
0.41570425033569336
0.10700595378875732
0.3360109329223633
0.2568315267562866
0.24049323797225952
0.3653009533882141
0.3061267137527466
0.3123434782028198
0.3704168200492859
0.21266543865203857
0.4584619998931885
0.36380553245544434
0.3633047938346863
0.27082592248916626
0.9852804634720087
0.33097636699676514
0.28863435983657837
0.2612876892089844
0.534613311290741
0.313748836517334
0.4185473322868347
0.2566312551498413
0.17404788732528687
0.3831017017364502
0.4758111834526062
0.250945508480072
0.4287884831428528
0.30871933698654175
0.3249165415763855
0.47615742683410645
0.4001591205596924
0.134357750415802
0.3596969246864319
0.35801029205322266
0.3932497501373291
0.4243782162666321
0.14812731742858887
0.169974684715271
0.9980769702233374
0.252019464969635
0.45487749576568604
0.3967130184173584
0.32691484689712524
0.17335563898086548
0.5838893055915833
0.35898810625076294
0.49141472578048706
0.175956130027771
0.30330169200897217
0.22551900148391724
0.22343146800994873
0.3159341812133789
0.3601263165473938
0.27346086502075195
0.3178560733795166
0.05068916082382202
0.20097172260284424
0.3097320795059204
0.18883204460144043
0.22751230001449585
0.36213088035583496
0.3324936628341675
0.25387054681777954
0.3316251039505005
0.28861188888549805
0.36084413528442383
0.41769856214523315
0.3960344195365906
0.3302682638168335
0.4183840751647949
0.1997864842414856
0.29963719844818115
0.3635040521621704
0.21978610754013062
0.37715184688568115
0.15591418743133545
0.20564156770706177
0.3343128561973572
0.3257727026939392
0.3005375266075134
0.4182926416397095
0.2876572012901306
0.4029689431190491
0.8345113545656204
0.3627256155014038
0.3197352886199951
0.46068406105041504
0.2729494571685791
0.3528609871864319
0.323574960231781
1.0101839806884527
0.33269429206848145
0.4041029214859009
0.3849073648452759
0.1803271770477295
0.4273645877838135
0.3016211986541748
0.2902648448944092
0.39730560779571533
0.4671817421913147
0.28938114643096924
0.47272008657455444
0.22127407789230347
0.09280192852020264
0.27750569581985474
0.5316799879074097
0.28175193071365356
0.4164959192276001
0.33408427238464355
0.39725810289382935
0.21981990337371826
0.09771567583084106
0.19066792726516724
0.2562658190727234
0.27591097354888916
0.3185449242591858
0.2908676266670227
0.4211188554763794
0.32325494289398193
0.22985714673995972
0.29173409938812256
0.3891630172729492
0.3773908019065857
0.40180516242980957
0.48717689514160156
0.22776657342910767
0.1800035834312439
0.3015073537826538
0.501022070646286
0.32549577951431274
0.32866740226745605
0.3920406699180603
0.33990657329559326
1.0182329397648573
0.1491977572441101
0.23152166604995728
0.21362876892089844
0.12590312957763672
0.2707839012145996
0.3142111301422119
0.25642091035842896
0.34470897912979126
0.327312171459198
0.2851613163948059
0.3882586359977722
0.3605639934539795
0.3101522922515869
0.25488823652267456
0.48178398609161377
0.1837998628616333
0.1389528512954712
0.41275519132614136
0.32092171907424927
0.36041033267974854
0.5388948917388916
0.4004276990890503
0.5348006784915924
0.4938321113586426
0.2448669672012329
0.3721699118614197
0.3390585780143738
0.3202595114707947
0.4566851258277893
0.23371374607086182
0.22322297096252441
0.3166719079017639
0.38756853342056274
0.5626714527606964
0.31765294075012207
0.2559843063354492
0.2477703094482422
0.15651923418045044
0.27672404050827026
0.2914922833442688
0.3943403959274292
0.4316863417625427
0.336887001991272
0.17991375923156738
1.0463696382939816
0.9973410689271986
0.18443942070007324
0.37759929895401
0.09914171695709229
0.3406963348388672
0.27677351236343384
0.20931780338287354
0.596958577632904
0.5479512810707092
0.2656671404838562
0.43773651123046875
0.42943525314331055
0.324337363243103
0.2961748242378235
0.3639429807662964
0.17439782619476318
0.38463157415390015
0.3506782650947571
0.2786770462989807
0.3314622640609741
0.27740609645843506
0.24619156122207642
0.4524158239364624
0.2321600317955017
0.4302941560745239
0.28054678440093994
0.9269659295678139
0.9892302928492427
0.2886415719985962
0.23737114667892456
0.24578750133514404
0.4095485806465149
0.3299148678779602
0.46683990955352783
0.2681393027305603
0.3734120726585388
0.4988521337509155
0.23056381940841675
0.2701917290687561
0.3693534731864929
0.18829184770584106
0.3085640072822571
0.5148442387580872
0.40329509973526
0.257529079914093
0.4316890239715576
0.2680943012237549
0.3037980794906616
0.2826385498046875
0.3445577025413513
0.4267730712890625
0.24046331644058228
0.2557814121246338
0.32703715562820435
0.40726232528686523
0.9176422655582428
0.2864101529121399
0.3076978325843811
0.36503851413726807
0.23255711793899536
0.2310541868209839
0.23848772048950195
0.3709164261817932
0.19226092100143433
0.29611945152282715
0.2362309694290161
0.3251403570175171
0.2842344045639038
0.3354852795600891
0.3235374093055725
0.24331480264663696
0.2696382999420166
0.29017215967178345
0.1554582715034485
0.25575244426727295
0.20769667625427246
0.17207562923431396
0.34704113006591797
0.9660166837275028
0.25257885456085205
0.34195321798324585
0.2177799940109253
0.6027107536792755
0.14997369050979614
1.030344495549798
0.5296051800251007
0.10747045278549194
0.4595000743865967
0.29209744930267334
0.9487296231091022
0.21901226043701172
0.9956029066815972
0.16968268156051636
0.3643951416015625
0.17406600713729858
0.30004721879959106
0.36760395765304565
0.4212759733200073
0.2829142212867737
0.3970986008644104
0.6409666538238525
0.3171708583831787
0.38608670234680176
0.2903931140899658
0.2728886008262634
0.16431325674057007
0.4336576461791992
0.3296806216239929
0.29106199741363525
0.21659857034683228
0.2508925199508667
0.2932778596878052
0.42725640535354614
0.33322417736053467
0.3326546549797058
0.2416340708732605
0.3735712766647339
0.37922805547714233
0.3244459629058838
0.30069053173065186
0.242204487323761
0.25384604930877686
0.17990481853485107
0.10411578416824341
0.9811639040708542
0.3480939269065857
0.2695969343185425
0.2852481007575989
0.27948713302612305
0.23807621002197266
0.24780422449111938
0.38098806142807007
0.3644869327545166
0.4503595232963562
0.32757627964019775
0.3456539511680603
0.23753148317337036
0.44073736667633057
0.2994067072868347
0.2994711399078369
0.366926908493042
0.19800496101379395
0.27121907472610474
0.1946735382080078
0.18994218111038208
0.48565781116485596
0.20217227935791016
0.39938414096832275
0.42045921087265015
0.3679763078689575
0.2844729423522949
0.49380242824554443
0.2712377905845642
0.35647153854370117
0.33294737339019775
0.27885687351226807
0.2632954716682434
0.20670223236083984
0.3000001311302185
0.38598906993865967
0.2594795227050781
0.3025459051132202
0.3501264452934265
0.32499438524246216
0.1942477822303772
0.2775677442550659
1.0081092957407236
0.4118751883506775
0.12560826539993286
0.41426360607147217
0.2990684509277344
0.35767149925231934
0.2969619631767273
0.35660386085510254
0.19952905178070068
0.42307013273239136
0.4366772770881653
0.28825682401657104
0.23597246408462524
0.22809988260269165
0.26079005002975464
0.4296553134918213
0.2390626072883606
0.32855236530303955
0.32660335302352905
0.4094245433807373
0.39619356393814087
0.46461570262908936
0.19514226913452148
0.4309900999069214
0.3110159635543823
0.3618130087852478
0.22436785697937012
0.37461012601852417
0.2848316431045532
0.27794086933135986
0.21483975648880005
0.35110414028167725
0.21829795837402344
0.44805842638015747
0.3820641040802002
0.25009381771087646
0.2938283681869507
0.5822025835514069
0.4231165647506714
0.39798134565353394
0.31872349977493286
0.329643189907074
0.3531845211982727
0.3389245867729187
0.3622925877571106
0.3197544813156128
0.359838604927063
0.507872462272644
0.1618068814277649
0.14927583932876587
0.9876512521877885
0.19708234071731567
0.3241567015647888
0.8685254752635956
0.12909948825836182
0.32819443941116333
0.17880910634994507
0.22069907188415527
0.21155816316604614
0.30974769592285156
0.37537485361099243
0.321178674697876
0.2597615122795105
0.2307235598564148
0.3288986086845398
0.4459782838821411
1.0382648222148418
0.4158177971839905
0.3245636820793152
0.34745872020721436
0.22278225421905518
0.3757399320602417
0.4516320824623108
1.0325589440762997
0.2927791476249695
0.11232733726501465
0.4367082118988037
0.5266621112823486
0.35244131088256836
0.4242172837257385
0.441609263420105
0.8485527038574219
0.4887060523033142
0.40521079301834106
0.9826659597456455
0.3150102496147156
0.31121164560317993
0.34081751108169556
0.35010087490081787
0.2262534499168396
0.39692896604537964
0.23927158117294312
0.4957141876220703
0.3518688678741455
0.48113733530044556
0.13441389799118042
0.26455843448638916
0.3859750032424927
0.3174052834510803
0.16799169778823853
0.3278104066848755
0.1715458631515503
0.2569580078125
0.2129994034767151
0.23887360095977783
0.23573368787765503
0.29491424560546875
0.3072417378425598
0.40730011463165283
0.2098158597946167
0.23763376474380493
0.4549098610877991
0.2746480107307434
0.27031487226486206
0.2836840748786926
0.4538356065750122
0.36199700832366943
0.5334894955158234
0.23858606815338135
0.24010229110717773
0.22600489854812622
0.3254817724227905
0.1440945863723755
0.2737809419631958
0.16442960500717163
0.4942234754562378
0.5208555459976196
0.2684841752052307
0.9852965474128723
0.40798789262771606
0.527007520198822
0.29263365268707275
0.24027800559997559
0.3000590205192566
0.3066002130508423
0.30702537298202515
0.08763325214385986
0.42602962255477905
0.40654343366622925
0.3168265223503113
0.26879775524139404
0.3924522399902344
0.2362629771232605
0.1679787039756775
0.2403874397277832
0.33869075775146484
0.28768390417099
0.2755187749862671
0.35075080394744873
0.2781614661216736
0.293598473072052
0.3072636127471924
0.3926798105239868
0.3595108985900879
0.24526351690292358
0.42091643810272217
0.3254162669181824
0.1688082218170166
0.38403093814849854
0.26982951164245605
0.27250123023986816
0.47326987981796265
0.2603692412376404
0.390705406665802
0.4628092050552368
0.34296292066574097
1.0039062141440809
0.3522980213165283
0.2812466621398926
0.30653226375579834
0.8982115238904953
0.2519073486328125
0.5623258650302887
0.40899235010147095
0.2665172815322876
0.3806905746459961
0.05941641330718994
0.26846766471862793
0.31279295682907104
0.37854039669036865
0.4387713074684143
0.1766200065612793
0.9684109799563885
0.17453593015670776
0.28549134731292725
0.38959020376205444
0.2893025279045105
0.39292818307876587
0.27565038204193115
0.37092894315719604
0.45384788513183594
0.27492594718933105
0.21687930822372437
0.375663161277771
0.6823100447654724
0.3742709755897522
0.3326258659362793
0.8474151641130447
0.3293878436088562
0.38984376192092896
0.3203907608985901
0.225863516330719
0.20747745037078857
0.33866435289382935
0.3103901743888855
0.29538673162460327
0.3135846257209778
0.2300478219985962
0.2796487808227539
0.18746674060821533
0.27902930974960327
0.3526920676231384
0.2512551546096802
0.31337493658065796
0.4515863060951233
0.2609742283821106
0.3459925651550293
0.3969431519508362
0.33312201499938965
0.2590789198875427
0.23774361610412598
0.2244749665260315
0.2972037196159363
0.3527028560638428
0.38756030797958374
0.11954259872436523
0.19843101501464844
0.43158966302871704
0.1050635576248169
0.6487868130207062
0.3131519556045532
0.25783616304397583
0.30179762840270996
0.3123835325241089
0.2697867751121521
0.24670672416687012
0.23414838314056396
0.16701501607894897
0.09922373294830322
0.4915909767150879
0.2517569661140442
0.36696040630340576
0.17622315883636475
0.29383403062820435
0.23304229974746704
0.3700575828552246
0.3097156882286072
0.38981878757476807
0.47719359397888184
0.13040298223495483
0.2600935101509094
0.397455096244812
0.33456289768218994
0.307034432888031
0.2364146113395691
0.1731167435646057
0.282107412815094
0.37118589878082275
0.3533940315246582
0.2019384503364563
0.32318365573883057
0.218167245388031
0.36323195695877075
0.1848776936531067
0.5539098083972931
0.44582587480545044
0.2659234404563904
0.33799928426742554
0.2934819459915161
0.2930585741996765
0.3284689784049988
0.32076531648635864
0.17085504531860352
0.27497947216033936
0.2845473289489746
0.2670742869377136
1.0132511435076594
0.2600105404853821
0.20087337493896484
0.232854962348938
0.38264697790145874
1.0270993206650019
0.42317527532577515
0.43297791481018066
0.42923301458358765
0.40319520235061646
0.1946888566017151
0.1879902482032776
0.3534824252128601
0.33196187019348145
0.18540185689926147
0.40056395530700684
0.4118214249610901
0.32005810737609863
0.25910723209381104
0.3947582244873047
0.33757972717285156
0.270618200302124
0.3390655517578125
0.26101189851760864
0.18476086854934692
0.34683817625045776
0.20939403772354126
0.1361790895462036
0.5059556663036346
0.3301319479942322
0.4661765694618225
0.47860628366470337
0.3738480806350708
0.33692896366119385
0.29617029428482056
0.35040950775146484
0.29242509603500366
0.32436323165893555
0.18752521276474
0.43084025382995605
0.2321336269378662
0.4119807481765747
1.0677534267306328
0.41381365060806274
0.18787795305252075
0.3075578808784485
0.17551040649414062
0.43071556091308594
0.45479005575180054
0.2716177701950073
0.3589702844619751
0.361632764339447
0.2818451523780823
0.3841549754142761
0.2349955439567566
0.2540414333343506
0.18023937940597534
1.0108060659840703
0.4800073504447937
0.1555570363998413
0.3533369302749634
0.47713422775268555
0.37377530336380005
0.06690233945846558
0.4804968237876892
0.2868685722351074
0.3317703604698181
0.3597908020019531
0.35888803005218506
0.2887057662010193
0.3384057879447937
0.3891904354095459
0.24571335315704346
0.4328254461288452
0.47035419940948486
0.2943740487098694
0.25787991285324097
0.3793150782585144
0.2717099189758301
0.3576132655143738
0.244140625
0.35967016220092773
0.24791604280471802
0.45178115367889404
0.2527396082878113
0.3741829991340637
0.9499229565262794
0.43215852975845337
0.2929007411003113
0.35848432779312134
0.2920151352882385
0.3064332604408264
0.35706859827041626
0.3764292597770691
0.4299456477165222
0.22600650787353516
0.32142144441604614
0.25137990713119507
0.2643120288848877
0.2278236746788025
0.3523298501968384
0.3373514413833618
0.4016076326370239
0.46108025312423706
0.30534934997558594
0.22906005382537842
0.37671369314193726
0.1757916808128357
0.3710588216781616
0.2040194272994995
0.24179565906524658
0.3704500198364258
0.2306402325630188
0.5691958367824554
0.20246249437332153
0.14207428693771362
0.2909103035926819
0.37069517374038696
0.2724248170852661
0.3045197129249573
0.23134136199951172
0.20522761344909668
0.4417334794998169
0.24416756629943848
0.1879570484161377
0.274355947971344
0.3049722909927368
0.3905278444290161
0.4319502115249634
0.4215419292449951
0.2132512331008911
0.25136882066726685
0.4419403672218323
0.165479838848114
0.4628896117210388
0.19461774826049805
0.28503555059432983
0.24230104684829712
0.5554158687591553
0.28945720195770264
0.4446451663970947
0.32892894744873047
0.4168536067008972
1.0525238700211048
0.44384634494781494
0.42917943000793457
0.36253154277801514
0.40456730127334595
0.24448299407958984
0.29835349321365356
0.32386767864227295
0.35401999950408936
0.15914660692214966
0.2417377233505249
0.16015499830245972
0.38569074869155884
0.2658461928367615
0.23143231868743896
0.30460822582244873
0.9714579414576292
0.20469409227371216
0.3130706548690796
0.26566553115844727
0.37555253505706787
0.4488528370857239
0.3392125964164734
0.3461648225784302
0.26157093048095703
0.31887567043304443
0.42779695987701416
0.33710241317749023
0.356067955493927
0.27587890625
0.3113114833831787
0.23848390579223633
0.3341473340988159
0.21154719591140747
0.3122718334197998
0.09757840633392334
0.11060959100723267
0.39691221714019775
0.28464484214782715
0.3575174808502197
0.332580029964447
0.30605924129486084
0.3694921135902405
0.1953628659248352
0.40765297412872314
0.3225788474082947
0.3479454517364502
0.594576507806778
0.3337365984916687
0.34071624279022217
0.36898523569107056
0.4599373936653137
0.22693020105361938
0.1811995506286621
0.40331369638442993
0.27082788944244385
0.20672893524169922
0.2765064239501953
0.1131061315536499
0.21033942699432373
0.3596346378326416
0.3209538459777832
0.3346084952354431
0.512586385011673
0.3904097080230713
0.2762828469276428
0.3752070665359497
0.31720423698425293
0.4197993278503418
0.3674325942993164
0.32875555753707886
0.46646201610565186
0.21492820978164673
0.2880520224571228
0.33377569913864136
0.4014431834220886
0.9636476077139378
0.40091192722320557
0.27609002590179443
0.3392568826675415
0.34836316108703613
0.27128368616104126
0.3052193522453308
0.39876580238342285
0.4158562421798706
0.26804882287979126
0.17377960681915283
0.4081062078475952
0.37137895822525024
0.33243846893310547
0.3112320899963379
0.45383691787719727
0.2147287130355835
0.2523292303085327
0.4439665675163269
0.23970913887023926
0.18666332960128784
0.48587101697921753
0.27022022008895874
0.24379974603652954
0.23706358671188354
0.32305777072906494
0.22986304759979248
0.22367310523986816
0.24295884370803833
0.35125917196273804
0.44404155015945435
0.3906131386756897
0.5695857405662537
0.431870698928833
0.31436342000961304
0.38986414670944214
0.33509713411331177
0.3065335154533386
0.21841096878051758
0.28423017263412476
0.4545619487762451
0.30394721031188965
0.338290274143219
0.30689913034439087
0.2839769721031189
0.24667823314666748
0.2532415986061096
0.3631470203399658
0.2635606527328491
0.4898983836174011
0.18235695362091064
0.31419211626052856
0.5223120748996735
0.28039300441741943
0.3353903293609619
0.25050443410873413
0.43653982877731323
0.31949949264526367
0.22880172729492188
0.33205825090408325
0.20243948698043823
0.3799002766609192
0.3651094436645508
0.26624590158462524
0.21047496795654297
0.3100133538246155
0.28908103704452515
0.9562229663133621
0.36486148834228516
0.1387200951576233
0.3737768530845642
0.32957202196121216
0.34163230657577515
0.18766683340072632
0.396048903465271
0.3086710572242737
0.63974529504776
0.3001514673233032
0.3838385343551636
0.1822742223739624
0.3826574683189392
0.27543210983276367
0.3763960003852844
0.3618696331977844
0.33274590969085693
0.21059244871139526
0.360975444316864
0.3921735882759094
0.44778168201446533
0.18330144882202148
0.3124106526374817
1.0036299463827163
0.16807174682617188
0.31719970703125
0.4118952751159668
0.31933140754699707
0.3627356290817261
0.4350626468658447
0.4038373827934265
0.2538747787475586
0.2705986499786377
0.18011510372161865
0.18015307188034058
0.25930315256118774
0.3551887273788452
0.3717353343963623
0.1434611678123474
0.9852080838754773
0.16735196113586426
0.21013695001602173
0.3259190320968628
0.33258146047592163
0.34450864791870117
0.2446577548980713
0.31015777587890625
0.2667613625526428
0.343904972076416
0.28099536895751953
0.20856177806854248
0.27470386028289795
0.4875117540359497
0.5910487174987793
0.3484707474708557
0.31591105461120605
0.15093886852264404
0.2737041711807251
0.2773780822753906
0.46402454376220703
0.536206990480423
0.41170793771743774
0.32598692178726196
0.21769744157791138
0.24508512020111084
0.2317962646484375
0.4132375717163086
0.3749847412109375
0.23195934295654297
0.33184343576431274
0.41063326597213745
0.3867928385734558
1.0427745766937733
0.8968106284737587
0.3397098779678345
0.1568506360054016
0.38487446308135986
0.19871175289154053
0.24839776754379272
0.2444615364074707
0.4580899477005005
0.4149179458618164
0.2124066948890686
0.2962646484375
0.2683233618736267
0.21805930137634277
0.2850987911224365
0.22508776187896729
0.19765830039978027
0.37846964597702026
0.2153661847114563
0.22140902280807495
0.1818678379058838
0.26106953620910645
0.41872286796569824
0.31231385469436646
0.39684128761291504
0.39430058002471924
0.29730546474456787
0.34594792127609253
0.16197025775909424
0.19095951318740845
0.3028227686882019
0.21322059631347656
0.24618101119995117
0.3777462840080261
0.38769227266311646
0.30744093656539917
0.20728319883346558
0.2336103916168213
